
Approximation to f(x) = (x)^(1/4)
Order: 18
Lambda Min: 0.001000
Lambda Max: 1.000000
GMP Remez Precision: 100
Error: 0.000000
RA_a0 = 3.312427
RA_a[0] = -2.4051042224367830e-06, RA_b[0] = 5.4617590959879281e-05
RA_a[1] = -8.6013076048166450e-06, RA_b[1] = 2.6218291283579672e-04
RA_a[2] = -2.0402856378629779e-05, RA_b[2] = 6.8310919665483087e-04
RA_a[3] = -4.2877444645661080e-05, RA_b[3] = 1.4356321217981001e-03
RA_a[4] = -8.6050233687298249e-05, RA_b[4] = 2.7314813166036422e-03
RA_a[5] = -1.6937959826343556e-04, RA_b[5] = 4.9364690667996767e-03
RA_a[6] = -3.3074106062904303e-04, RA_b[6] = 8.6765972864069826e-03
RA_a[7] = -6.4448154023762593e-04, RA_b[7] = 1.5023918245294724e-02
RA_a[8] = -1.2586052490246422e-03, RA_b[8] = 2.5827267906354402e-02
RA_a[9] = -2.4745874405311418e-03, RA_b[9] = 4.4318910923716905e-02
RA_a[10] = -4.9296890915238164e-03, RA_b[10] = 7.6282325653556859e-02
RA_a[11] = -1.0052259636841906e-02, RA_b[11] = 1.3246675783639100e-01
RA_a[12] = -2.1346321124889604e-02, RA_b[12] = 2.3410551032182764e-01
RA_a[13] = -4.8658296981535593e-02, RA_b[13] = 4.2735070438630918e-01
RA_a[14] = -1.2590162278743786e-01, RA_b[14] = 8.2858205647591399e-01
RA_a[15] = -4.1387020192505619e-01, RA_b[15] = 1.8093838232763020e+00
RA_a[16] = -2.2736309623092210e+00, RA_b[16] = 5.1702057294150565e+00
RA_a[17] = -6.0482182968865516e+01, RA_b[17] = 3.5478097099262683e+01
