
Approximation to f(x) = (x)^(2/8)

RA_a0 = 3.9542346399671585e-01
RA_a[0] = 1.7717224684423946e-06, RA_b[0] = 3.3787435317198943e-08
RA_a[1] = 3.6657744822974717e-06, RA_b[1] = 2.5549325857323366e-07
RA_a[2] = 6.9377074175569189e-06, RA_b[2] = 8.6846714677469397e-07
RA_a[3] = 1.3298130311679684e-05, RA_b[3] = 2.4002894297282639e-06
RA_a[4] = 2.5794133830109372e-05, RA_b[4] = 6.1692233104467754e-06
RA_a[5] = 5.0331380643564679e-05, RA_b[5] = 1.5418778504280650e-05
RA_a[6] = 9.8468504949941025e-05, RA_b[6] = 3.8109234786939542e-05
RA_a[7] = 1.9286121276238281e-04, RA_b[7] = 9.3769474213544683e-05
RA_a[8] = 3.7793718090400961e-04, RA_b[8] = 2.3031153550765051e-04
RA_a[9] = 7.4088355403082395e-04, RA_b[9] = 5.6531353743276606e-04
RA_a[10] = 1.4531063287761244e-03, RA_b[10] = 1.3875115036664938e-03
RA_a[11] = 2.8530554330920030e-03, RA_b[11] = 3.4071282195804560e-03
RA_a[12] = 5.6161364858658969e-03, RA_b[12] = 8.3782444636557318e-03
RA_a[13] = 1.1124777066999552e-02, RA_b[13] = 2.0676154393593285e-02
RA_a[14] = 2.2379381515582043e-02, RA_b[14] = 5.1480180078840330e-02
RA_a[15] = 4.6770783899305120e-02, RA_b[15] = 1.3105145865433146e-01
RA_a[16] = 1.0755165731065314e-01, RA_b[16] = 3.5315116238210070e-01
RA_a[17] = 3.1755539148096579e-01, RA_b[17] = 1.1133007096120786e+00
RA_a[18] = 2.0322660584339460e+00, RA_b[18] = 6.0097723308920896e+00
