
Approximation to f(x) = (x)^(1/4)
Order: 8
Lambda Min: 0.000100
Lambda Max: 1.000000
GMP Remez Precision: 100
Error: 0.000002
RA_a0 = 2.018179
RA_a[0] = -2.0460633647889124e-06, RA_b[0] = 4.4252094368121562e-05
RA_a[1] = -1.4730886851622504e-05, RA_b[1] = 3.0564263965145703e-04
RA_a[2] = -8.8501021879220019e-05, RA_b[2] = 1.3956108006252122e-03
RA_a[3] = -5.2021078361237400e-04, RA_b[3] = 5.8665565274258966e-03
RA_a[4] = -3.0889654886421597e-03, RA_b[4] = 2.4342262474724482e-02
RA_a[5] = -1.9515797059796582e-02, RA_b[5] = 1.0341039044525506e-01
RA_a[6] = -1.6103011250075119e-01, RA_b[6] = 4.9614319930382395e-01
RA_a[7] = -4.9926335376234627e+00, RA_b[7] = 4.6145800356621018e+00
