
Approximation to f(x) = (x)^(1/8)
Order: 19
Lambda Min: 3.9999999999999998e-07
Lambda Max: 1.0000000000000000e+00
GMP Remez Precision: 100
Error: 4.2630013591561428e-10
RA_a0 = 1.5824778322325836e+00
RA_a[0] = -2.1772428333651310e-09, RA_b[0] = 5.7580057928103316e-08
RA_a[1] = -8.3141235590297382e-09, RA_b[1] = 3.3152536171185592e-07
RA_a[2] = -2.4375683085726528e-08, RA_b[2] = 1.0619233880478077e-06
RA_a[3] = -6.8083052559215471e-08, RA_b[3] = 2.8772411374291334e-06
RA_a[4] = -1.8788811865807305e-07, RA_b[4] = 7.3393499984192124e-06
RA_a[5] = -5.1661427404677089e-07, RA_b[5] = 1.8287416570412770e-05
RA_a[6] = -1.4186579015574016e-06, RA_b[6] = 4.5141356827762244e-05
RA_a[7] = -3.8939629701354088e-06, RA_b[7] = 1.1100846808505338e-04
RA_a[8] = -1.0687216922172104e-05, RA_b[8] = 2.7257622368361310e-04
RA_a[9] = -2.9336672142333621e-05, RA_b[9] = 6.6895606916659656e-04
RA_a[10] = -8.0576334647375480e-05, RA_b[10] = 1.6418006834996049e-03
RA_a[11] = -2.2163948112170981e-04, RA_b[11] = 4.0318401603248169e-03
RA_a[12] = -6.1189436709183347e-04, RA_b[12] = 9.9178550328584223e-03
RA_a[13] = -1.7045767086427454e-03, RA_b[13] = 2.4500261536534056e-02
RA_a[14] = -4.8550461802959102e-03, RA_b[14] = 6.1162791078240485e-02
RA_a[15] = -1.4610921955415308e-02, RA_b[15] = 1.5676291211463336e-01
RA_a[16] = -5.0537781341426689e-02, RA_b[16] = 4.3012657095443269e-01
RA_a[17] = -2.5399701943337977e-01, RA_b[17] = 1.4302447044057551e+00
RA_a[18] = -4.5275033711797370e+00, RA_b[18] = 9.7083361280615481e+00
