
Approximation to f(x) = (x)^(-1/4)
Order: 9
Lambda Min: 3.9999999999999998e-07
Lambda Max: 1.0000000000000000e+00
GMP Remez Precision: 100
Error: 6.1719105001082559e-05
RA_a0 = 5.6671354257777729e-01
RA_a[0] = 6.0303872390053252e-06, RA_b[0] = 1.5547754363346041e-07
RA_a[1] = 2.2669238189684372e-05, RA_b[1] = 1.8261869507588446e-06
RA_a[2] = 8.8389568920198912e-05, RA_b[2] = 1.2500784904446574e-05
RA_a[3] = 3.5001594702000442e-04, RA_b[3] = 7.9687143062926615e-05
RA_a[4] = 1.3902065097641731e-03, RA_b[4] = 5.0248630722518508e-04
RA_a[5] = 5.5347398323268857e-03, RA_b[5] = 3.1665076580312613e-03
RA_a[6] = 2.2305867126182245e-02, RA_b[6] = 2.0087968522765908e-02
RA_a[7] = 9.7081500842024437e-02, RA_b[7] = 1.3322596194920019e-01
RA_a[8] = 7.0316392433849062e-01, RA_b[8] = 1.2081558095514340e+00
