
Approximation to f(x) = (x)^(1/8)
Order: 11
Lambda Min: 1.8449345827782694e-04
Lambda Max: 1.0000000000000000e+00
GMP Remez Precision: 256
Error: 3.2040790480456142e-09
RA_a0 = 1.5448072544575711e+00
RA_a[0] = -2.7393980104986493e-06, RA_b[0] = 3.2515560489317254e-05
RA_a[1] = -1.1171257054816025e-05, RA_b[1] = 1.9397032929384183e-04
RA_a[2] = -3.5819277547626080e-05, RA_b[2] = 6.5769748561016574e-04
RA_a[3] = -1.1043073806717924e-04, RA_b[3] = 1.9151542295029775e-03
RA_a[4] = -3.3806971378929300e-04, RA_b[4] = 5.3035471943062226e-03
RA_a[5] = -1.0384029267429171e-03, RA_b[5] = 1.4459862291593196e-02
RA_a[6] = -3.2387483820772670e-03, RA_b[6] = 3.9459497073590789e-02
RA_a[7] = -1.0551424995173336e-02, RA_b[7] = 1.0967912627856473e-01
RA_a[8] = -3.8776204235168914e-02, RA_b[8] = 3.2291469842825865e-01
RA_a[9] = -2.0186510642980662e-01, RA_b[9] = 1.1339727868407061e+00
RA_a[10] = -3.6406572536961530e+00, RA_b[10] = 7.9504696076716597e+00
