
Approximation to f(x) = (x)^(1/8)
Order: 17
Lambda Min: 2.3273336186266339e-07
Lambda Max: 1.0000000000000000e+00
GMP Remez Precision: 256
Error: 7.3418800292288648e-09
RA_a0 = 1.5285126170566532e+00
RA_a[0] = -1.6669721633824298e-09, RA_b[0] = 4.4866002052808005e-08
RA_a[1] = -7.0203287706369105e-09, RA_b[1] = 2.7241820690154767e-07
RA_a[2] = -2.3487206956879628e-08, RA_b[2] = 9.4980009449212182e-07
RA_a[3] = -7.5752897651017983e-08, RA_b[3] = 2.8622947107296166e-06
RA_a[4] = -2.4232258791058808e-07, RA_b[4] = 8.2269590997974393e-06
RA_a[5] = -7.7335211477887117e-07, RA_b[5] = 2.3262860921548107e-05
RA_a[6] = -2.4662865935081935e-06, RA_b[6] = 6.5401329164992849e-05
RA_a[7] = -7.8637776738411907e-06, RA_b[7] = 1.8349984565939250e-04
RA_a[8] = -2.5077058136517309e-05, RA_b[8] = 5.1453317936854472e-04
RA_a[9] = -8.0016830080048454e-05, RA_b[9] = 1.4428016613066601e-03
RA_a[10] = -2.5576902544120300e-04, RA_b[10] = 4.0487461948456429e-03
RA_a[11] = -8.2160618838018559e-04, RA_b[11] = 1.1387634892031935e-02
RA_a[12] = -2.6762134629731318e-03, RA_b[12] = 3.2239963829356615e-02
RA_a[13] = -9.0661645947823066e-03, RA_b[13] = 9.2993629078991183e-02
RA_a[14] = -3.4360897155521222e-02, RA_b[14] = 2.8317770221354510e-01
RA_a[15] = -1.8222643159297724e-01, RA_b[15] = 1.0214417153599888e+00
RA_a[16] = -3.3072514136160844e+00, RA_b[16] = 7.2781254508836879e+00
