
Approximation to f(x) = (x)^(-1/4)
Order: 14
Lambda Min: 2.3273336186266341e-07
Lambda Max: 1.0000000000000000e+00
GMP Remez Precision: 256
Error: 3.6123146291757318e-07
RA_a0 = 4.6564912680855536e-01
RA_a[0] = 2.0115838166738436e-06, RA_b[0] = 3.8763800233092163e-08
RA_a[1] = 5.0565309879196487e-06, RA_b[1] = 3.3437475633708236e-07
RA_a[2] = 1.2414607743548532e-05, RA_b[2] = 1.4200745024387296e-06
RA_a[3] = 3.1159984149787757e-05, RA_b[3] = 5.2026544213021450e-06
RA_a[4] = 7.8886967580746865e-05, RA_b[4] = 1.8325240799280172e-05
RA_a[5] = 2.0025648058171559e-04, RA_b[5] = 6.3835183029512771e-05
RA_a[6] = 5.0880572617517097e-04, RA_b[6] = 2.2167318162321482e-04
RA_a[7] = 1.2934911997241430e-03, RA_b[7] = 7.6922343461179781e-04
RA_a[8] = 3.2924054905305038e-03, RA_b[8] = 2.6703525679766301e-03
RA_a[9] = 8.4147261221002457e-03, RA_b[9] = 9.2910200639335101e-03
RA_a[10] = 2.1812904820316094e-02, RA_b[10] = 3.2589175009816271e-02
RA_a[11] = 5.9407098804813728e-02, RA_b[11] = 1.1762548947573312e-01
RA_a[12] = 1.9289996386685621e-01, RA_b[12] = 4.7156450027373281e-01
RA_a[13] = 1.2544004364105370e+00, RA_b[13] = 2.9792524762495702e+00
