
Approximation to f(x) = (x)^(-1/4)
Order: 11
Lambda Min: 1.8449345827782694e-04
Lambda Max: 1.0000000000000000e+00
GMP Remez Precision: 256
Error: 5.9445451707327512e-09
RA_a0 = 4.1495623832246548e-01
RA_a[0] = 2.0581300312295413e-04, RA_b[0] = 1.9008715082449815e-05
RA_a[1] = 4.4639794465847640e-04, RA_b[1] = 1.4823747390409572e-04
RA_a[2] = 9.0303330294521202e-04, RA_b[2] = 5.3153417065304027e-04
RA_a[3] = 1.8593045613321557e-03, RA_b[3] = 1.5751706695085021e-03
RA_a[4] = 3.8784445864920650e-03, RA_b[4] = 4.3884290533721740e-03
RA_a[5] = 8.1644673958239395e-03, RA_b[5] = 1.1984773089663257e-02
RA_a[6] = 1.7412874825455199e-02, RA_b[6] = 3.2671432897526199e-02
RA_a[7] = 3.8295740925238582e-02, RA_b[7] = 9.0347582341581245e-02
RA_a[8] = 9.1422182528952733e-02, RA_b[8] = 2.6187320630557126e-01
RA_a[9] = 2.7495409724643527e-01, RA_b[9] = 8.7492742973830295e-01
RA_a[10] = 1.7621798785887697e+00, RA_b[10] = 4.9010482516726368e+00
