
Approximation to f(x) = (x)^(-1/4)
Order: 9
Lambda Min: 1.8449345827782694e-04
Lambda Max: 1.0000000000000000e+00
GMP Remez Precision: 256
Error: 1.9077186415998980e-07
RA_a0 = 4.5654711296339073e-01
RA_a[0] = 2.8135810313187663e-04, RA_b[0] = 2.8284073690016131e-05
RA_a[1] = 6.8697790175287665e-04, RA_b[1] = 2.3904166122821132e-04
RA_a[2] = 1.6264110112930300e-03, RA_b[2] = 9.8175428341375302e-04
RA_a[3] = 3.9411693976000610e-03, RA_b[3] = 3.4543098536431007e-03
RA_a[4] = 9.6868361446957561e-03, RA_b[4] = 1.1673772327673649e-02
RA_a[5] = 2.4276280949874010e-02, RA_b[5] = 3.9320709861100547e-02
RA_a[6] = 6.4315665462597302e-02, RA_b[6] = 1.3618821257649669e-01
RA_a[7] = 2.0527977869780001e-01, RA_b[7] = 5.2678514042408020e-01
RA_a[8] = 1.3294808151544852e+00, RA_b[8] = 3.2483463998574806e+00
