
Approximation to f(x) = (x)^(-1/4)
Order: 18
Lambda Min: 2.3273336186266341e-07
Lambda Max: 1.0000000000000000e+00
GMP Remez Precision: 256
Error: 4.5585232712915403e-09
RA_a0 = 4.1221307342340713e-01
RA_a[0] = 1.3484731222231771e-06, RA_b[0] = 2.3330841293411218e-08
RA_a[1] = 2.9043010998472576e-06, RA_b[1] = 1.8110380811037911e-07
RA_a[2] = 5.8172447075124215e-06, RA_b[2] = 6.4418662820065098e-07
RA_a[3] = 1.1846270351118589e-05, RA_b[3] = 1.8888083543055058e-06
RA_a[4] = 2.4404969668809476e-05, RA_b[4] = 5.1948096588539929e-06
RA_a[5] = 5.0536842125974808e-05, RA_b[5] = 1.3961765092402213e-05
RA_a[6] = 1.0486558276757913e-04, RA_b[6] = 3.7204987932887629e-05
RA_a[7] = 2.1777838924387616e-04, RA_b[7] = 9.8827689098090311e-05
RA_a[8] = 4.5244440119843692e-04, RA_b[8] = 2.6221312195475480e-04
RA_a[9] = 9.4030107444128912e-04, RA_b[9] = 6.9549043641683604e-04
RA_a[10] = 1.9554999275580754e-03, RA_b[10] = 1.8450499759057055e-03
RA_a[11] = 4.0735513885774245e-03, RA_b[11] = 4.8989986292284045e-03
RA_a[12] = 8.5230470178728323e-03, RA_b[12] = 1.3040241737047964e-02
RA_a[13] = 1.8041587233257279e-02, RA_b[13] = 3.4943255258128567e-02
RA_a[14] = 3.9394734474427054e-02, RA_b[14] = 9.5332213143440162e-02
RA_a[15] = 9.3526354065392683e-02, RA_b[15] = 2.7324271269238504e-01
RA_a[16] = 2.8047784967779005e-01, RA_b[16] = 9.0495736227937751e-01
RA_a[17] = 1.7970553560664051e+00, RA_b[17] = 5.0411904143924646e+00
