
Approximation to f(x) = (x)^(2/8)

RA_a0 = 5.9919085518477944e-01
RA_a[0] = 7.4581541364126656e-06, RA_b[0] = 1.9982859712993727e-07
RA_a[1] = 3.2817806837716804e-05, RA_b[1] = 2.6828173413171059e-06
RA_a[2] = 1.5110961633411302e-04, RA_b[2] = 2.2244992033321618e-05
RA_a[3] = 7.0429662700490631e-04, RA_b[3] = 1.7494039662483020e-04
RA_a[4] = 3.2909575568083626e-03, RA_b[4] = 1.3673291358006956e-03
RA_a[5] = 1.5488444777477267e-02, RA_b[5] = 1.0720544653753751e-02
RA_a[6] = 7.6986295092280291e-02, RA_b[6] = 8.6729623697864883e-02
RA_a[7] = 5.9556047024915526e-01, RA_b[7] = 9.1713685727383099e-01
